DATE      	CROP                	PLANT_DATE	TOTAL BIOMASS  	ROOT BIOMASS   	GRAIN YIELD    	FORAGE YIELD   	AG RESIDUE     	HARVEST INDEX  	POTENTIAL TR   	ACTUAL TR      	SOIL EVAP      	IRRIGATION     	TOTAL N        	ROOT N         	GRAIN N        	FORAGE N       	CUM. N STRESS  	N IN HARVEST   	N IN RESIDUE   	N CONCN FORAGE 	N FIXATION     	N ADDED        
YYYY-MM-DD	-                   	YYYY-MM-DD	Mg/ha          	Mg/ha          	Mg/ha          	Mg/ha          	Mg/ha          	Mg/Mg          	mm             	mm             	mm             	mm             	Mg/ha          	Mg/ha          	Mg/ha          	Mg/ha          	-              	kg/ha          	kg/ha          	%              	kg/ha          	kg/ha          
1980-09-08	CornRM.90           	1980-04-19	28.919509      	3.865377       	12.653802      	0.000000       	12.400329      	0.505058       	357.873854     	353.475108     	163.588636     	0.000000       	0.244370       	0.029934       	0.152389       	0.000000       	0.020232       	152.389207     	91.981025      	0.000000       	0.000000       	0.000000       
1981-09-06	SoybeanMG.4         	1981-04-30	13.875736      	1.728903       	4.571262       	0.000000       	7.575571       	0.376334       	299.755222     	296.332233     	89.904110      	0.000000       	0.353225       	0.017257       	0.200033       	0.000000       	0.000000       	200.033313     	153.191616     	0.000000       	302.035807     	0.000000       
1982-08-29	CornRM.90           	1982-04-20	26.894032      	3.576163       	11.861445      	0.000000       	11.456424      	0.508685       	304.482452     	305.439132     	119.751583     	0.000000       	0.278561       	0.031984       	0.175846       	0.000000       	0.000000       	175.846024     	102.715251     	0.000000       	0.000000       	0.000000       
1983-09-02	SoybeanMG.4         	1983-04-30	12.024126      	1.603065       	3.922340       	0.000000       	6.498721       	0.376386       	301.274254     	269.434461     	111.960088     	0.000000       	0.318790       	0.015999       	0.180298       	0.000000       	0.000000       	180.298319     	138.492124     	0.000000       	250.686687     	0.000000       
1984-09-20	CornRM.90           	1984-04-19	31.352913      	3.785956       	14.467351      	0.000000       	13.099607      	0.524808       	337.135412     	338.634525     	167.976445     	0.000000       	0.289978       	0.032365       	0.186476       	0.000000       	0.000000       	186.475848     	103.502241     	0.000000       	0.000000       	0.000000       
1985-09-06	SoybeanMG.4         	1985-04-30	13.879397      	1.833976       	4.522546       	0.000000       	7.522875       	0.375458       	298.190254     	290.747064     	83.222583      	0.000000       	0.351351       	0.018281       	0.197978       	0.000000       	0.000000       	197.978485     	153.372284     	0.000000       	283.980670     	0.000000       
1986-09-12	CornRM.90           	1986-04-20	30.023161      	3.718497       	13.634357      	0.000000       	12.670307      	0.518325       	349.846693     	347.874144     	125.044286     	0.000000       	0.287734       	0.032613       	0.183592       	0.000000       	0.000000       	183.592139     	104.141528     	0.000000       	0.000000       	0.000000       
1987-08-28	SoybeanMG.4         	1987-04-30	13.266260      	1.629209       	4.389881       	0.000000       	7.247171       	0.377233       	301.962468     	299.457120     	89.261325      	0.000000       	0.343982       	0.016253       	0.195460       	0.000000       	0.000000       	195.459768     	148.522251     	0.000000       	278.981798     	0.000000       
1988-09-14	CornRM.90           	1988-04-19	22.319808      	3.098230       	9.975967       	0.000000       	9.245611       	0.518998       	398.130273     	307.718400     	168.036265     	0.000000       	0.277913       	0.029823       	0.178644       	0.000000       	0.000000       	178.643782     	99.269496      	0.000000       	0.000000       	0.000000       
1989-09-05	SoybeanMG.4         	1989-04-30	13.049892      	1.574771       	4.333672       	0.000000       	7.141449       	0.377658       	278.077801     	276.811000     	119.643587     	0.000000       	0.339415       	0.015715       	0.193211       	0.000000       	0.000000       	193.211392     	146.203419     	0.000000       	251.910975     	0.000000       
1990-09-10	CornRM.90           	1990-04-20	29.284265      	3.661876       	13.396491      	0.000000       	12.225899      	0.522843       	338.886054     	343.918510     	169.173394     	0.000000       	0.308880       	0.033977       	0.198642       	0.000000       	0.000000       	198.642081     	110.237959     	0.000000       	0.000000       	0.000000       
1991-08-24	SoybeanMG.4         	1991-04-30	10.170491      	1.484758       	3.227353       	0.000000       	5.458379       	0.371569       	307.876013     	237.125177     	83.443236      	0.000000       	0.282199       	0.014804       	0.157757       	0.000000       	0.000000       	157.757436     	124.441851     	0.000000       	222.215431     	0.000000       
1992-09-21	CornRM.90           	1992-04-19	30.532266      	3.849639       	14.018338      	0.000000       	12.664290      	0.525373       	360.674253     	360.792380     	162.304556     	0.000000       	0.304661       	0.034816       	0.195428       	0.000000       	0.000000       	195.428186     	109.232535     	0.000000       	0.000000       	0.000000       
1993-09-01	SoybeanMG.4         	1993-04-30	11.834782      	1.634431       	3.815650       	0.000000       	6.384701       	0.374070       	298.853234     	263.496299     	82.614779      	0.000000       	0.315340       	0.016309       	0.177275       	0.000000       	0.000000       	177.275230     	138.064450     	0.000000       	273.577143     	0.000000       
1994-09-16	CornRM.90           	1994-04-20	29.742576      	3.463850       	13.980989      	0.000000       	12.297737      	0.532027       	336.318043     	342.197802     	152.079769     	0.000000       	0.283382       	0.028854       	0.185412       	0.000000       	0.000000       	185.412477     	97.969065      	0.000000       	0.000000       	0.000000       
1995-09-02	SoybeanMG.4         	1995-04-30	11.992135      	1.625758       	3.885911       	0.000000       	6.480467       	0.374857       	301.983811     	270.372126     	91.249210      	0.000000       	0.320952       	0.016215       	0.180930       	0.000000       	0.000000       	180.930298     	140.021703     	0.000000       	246.042089     	0.000000       
1996-09-15	CornRM.90           	1996-04-19	30.844023      	3.806492       	14.189773      	0.000000       	12.847758      	0.524818       	345.717538     	346.626984     	164.387369     	0.000000       	0.279826       	0.031370       	0.179850       	0.000000       	0.000000       	179.849511     	99.976645      	0.000000       	0.000000       	0.000000       
1997-09-15	SoybeanMG.4         	1997-04-30	13.486317      	1.672179       	4.449093       	0.000000       	7.365046       	0.376591       	300.250582     	294.468990     	90.615186      	0.000000       	0.344168       	0.016681       	0.195078       	0.000000       	0.000000       	195.078433     	149.089113     	0.000000       	290.420397     	0.000000       
1998-09-07	CornRM.90           	1998-04-20	28.952194      	3.712048       	12.965955      	0.000000       	12.274191      	0.513704       	355.370813     	338.921751     	128.479701     	0.000000       	0.285782       	0.032688       	0.181355       	0.000000       	0.000000       	181.354622     	104.427248     	0.000000       	0.000000       	0.000000       
1999-09-02	SoybeanMG.4         	1999-04-30	12.560379      	1.677846       	4.089824       	0.000000       	6.792708       	0.375815       	331.453492     	305.841196     	91.957990      	0.000000       	0.325909       	0.016742       	0.183896       	0.000000       	0.000000       	183.895953     	142.013361     	0.000000       	267.641177     	0.000000       
2000-09-11	CornRM.90           	2000-04-19	29.843130      	3.656723       	13.618008      	0.000000       	12.568399      	0.520041       	359.398251     	353.876412     	132.982517     	0.000000       	0.306136       	0.033142       	0.196764       	0.000000       	0.000000       	196.763705     	109.372573     	0.000000       	0.000000       	0.000000       
2001-09-01	SoybeanMG.4         	2001-04-30	11.820967      	1.581987       	3.840378       	0.000000       	6.398602       	0.375074       	325.263026     	292.000342     	76.267500      	0.000000       	0.314950       	0.015790       	0.177692       	0.000000       	0.000000       	177.692294     	137.257360     	0.000000       	260.694528     	0.000000       
2002-09-09	CornRM.90           	2002-04-20	22.337367      	3.293430       	8.985379       	0.000000       	10.058558      	0.471824       	393.932333     	300.863189     	187.165481     	0.000000       	0.285440       	0.032431       	0.173583       	0.000000       	0.000000       	173.583309     	111.856276     	0.000000       	0.000000       	0.000000       
2003-09-04	SoybeanMG.4         	2003-04-30	13.574277      	1.704241       	4.472728       	0.000000       	7.397308       	0.376808       	296.102554     	298.421970     	113.413891     	0.000000       	0.348623       	0.017003       	0.197621       	0.000000       	0.000000       	197.621434     	151.001074     	0.000000       	268.083842     	0.000000       
2004-09-03	CornRM.90           	2004-04-19	31.689931      	3.861850       	14.412075      	0.000000       	13.416005      	0.517897       	346.977381     	347.800222     	158.489749     	0.000000       	0.305994       	0.034007       	0.195653       	0.000000       	0.000000       	195.653417     	110.340799     	0.000000       	0.000000       	0.000000       
2005-09-02	SoybeanMG.4         	2005-04-30	11.947803      	1.601345       	3.875888       	0.000000       	6.470571       	0.374610       	306.464833     	280.247434     	85.541250      	0.000000       	0.321093       	0.015966       	0.181076       	0.000000       	0.000000       	181.076257     	140.016522     	0.000000       	252.453463     	0.000000       
2006-09-13	CornRM.90           	2006-04-20	27.930084      	3.556877       	12.489098      	0.000000       	11.884108      	0.512411       	372.184713     	360.497796     	144.372938     	0.000000       	0.300681       	0.033132       	0.191480       	0.000000       	0.000000       	191.479972     	109.200900     	0.000000       	0.000000       	0.000000       
2007-09-01	SoybeanMG.4         	2007-04-30	13.462925      	1.742817       	4.406048       	0.000000       	7.314060       	0.375939       	338.798910     	329.257098     	102.079388     	0.000000       	0.342681       	0.017389       	0.193532       	0.000000       	0.000000       	193.531869     	149.148784     	0.000000       	264.589923     	0.000000       
2008-09-11	CornRM.90           	2008-04-19	27.430573      	3.632541       	12.014735      	0.000000       	11.783297      	0.504863       	384.098978     	335.888569     	170.457675     	0.000000       	0.293603       	0.033759       	0.184623       	0.000000       	0.000000       	184.623140     	108.980078     	0.000000       	0.000000       	0.000000       
2009-09-03	SoybeanMG.4         	2009-04-30	13.257461      	1.667995       	4.368555       	0.000000       	7.220911       	0.376942       	302.342553     	302.406106     	100.979613     	0.000000       	0.343565       	0.016636       	0.194876       	0.000000       	0.000000       	194.875706     	148.689680     	0.000000       	262.894313     	0.000000       
2010-09-03	CornRM.90           	2010-04-20	24.010055      	3.237059       	10.469420      	0.000000       	10.303576      	0.503992       	390.201024     	326.758040     	164.640636     	0.000000       	0.296474       	0.031408       	0.188173       	0.000000       	0.000000       	188.172571     	108.301658     	0.000000       	0.000000       	0.000000       
2011-08-27	SoybeanMG.4         	2011-04-30	12.294536      	1.605460       	4.004135       	0.000000       	6.684941       	0.374601       	325.011843     	284.542363     	112.072338     	0.000000       	0.318838       	0.016000       	0.179714       	0.000000       	0.000000       	179.714470     	139.123055     	0.000000       	252.951275     	0.000000       
2012-09-02	CornRM.90           	2012-04-19	26.900862      	3.577749       	11.967249      	0.000000       	11.355865      	0.513107       	393.234170     	347.670206     	182.786905     	0.000000       	0.300039       	0.034513       	0.190156       	0.000000       	0.000000       	190.156323     	109.882214     	0.000000       	0.000000       	0.000000       
2013-08-30	SoybeanMG.4         	2013-04-30	13.187546      	1.637308       	4.355137       	0.000000       	7.195101       	0.377060       	317.946914     	312.490549     	97.656139      	0.000000       	0.341773       	0.016333       	0.194032       	0.000000       	0.000000       	194.031652     	147.741342     	0.000000       	253.770526     	0.000000       
2014-09-09	CornRM.90           	2014-04-20	29.924434      	3.569912       	13.965326      	0.000000       	12.389196      	0.529902       	395.479646     	396.605990     	165.981835     	0.000000       	0.299071       	0.031897       	0.194267       	0.000000       	0.000000       	194.267217     	104.804188     	0.000000       	0.000000       	0.000000       
2015-08-23	SoybeanMG.4         	2015-04-30	13.337955      	1.604547       	4.436741       	0.000000       	7.296667       	0.378129       	321.439860     	314.838623     	76.775037      	0.000000       	0.345324       	0.016012       	0.196735       	0.000000       	0.000000       	196.734906     	148.588931     	0.000000       	276.691922     	0.000000       
2016-09-04	CornRM.90           	2016-04-19	20.311200      	3.037819       	8.152682       	0.000000       	9.120698       	0.471980       	413.603746     	289.079202     	161.035189     	0.000000       	0.280941       	0.030302       	0.171988       	0.000000       	0.000000       	171.987631     	108.953098     	0.000000       	0.000000       	0.000000       
